66
210
13
75
102
196
107
75
35
39
18
0
46
115
60
60
110
187
39
21
169
114
63
180
192
157
13
55
169
13
101
11
2
48
335
32
75
19
62
0
210
144
179
108
0
135
24
22
68
7
173
2
25
51
34
40
0
12
152
61
233
114
0
0
14
14
84
84
114
51
17
42
108
6
26
82
25
61
13
187
54
6
12
109
49
11
38
26
156
123
60
195
101
24
103
22
0
9
120
85
12
0
30
96
2
130
37
1
98
33
1
162
43
114
33
1
27
46
2
33
42
1
93
29
84
45
7
31
3
46
12
46
24
10
264
289
0
12
567
94
420
434
544
392
228
318
192
39
0
75
168
0
0
0
12
0
0
17
23
6
36
39
34
80
122
113
240
63
48
69
183
120
143
21
100
295
366
36
126
17
36
69
59
66
71
66
207
166
0
0
0
21
183
99
126
180
396
224
185
252
30
0
70
115
153
152
152
266
369
25
14
30
38
18
8
511
9
