462
1470
91
525
714
1372
749
525
245
273
126
0
322
805
420
420
770
1309
273
147
1183
798
441
1260
1344
1099
91
385
1183
91
707
77
14
336
2345
224
525
133
434
0
1470
1008
1253
756
0
945
168
154
476
49
1211
14
175
357
238
280
0
84
1064
427
1631
798
0
0
98
98
588
588
798
357
119
294
756
42
182
574
175
427
91
1309
378
42
84
763
343
77
266
182
1092
861
420
1365
707
168
721
154
0
63
840
595
84
0
210
672
14
910
259
7
686
231
7
1134
301
798
231
7
189
322
14
231
294
7
651
203
588
315
49
217
21
322
84
322
168
70
1848
2023
0
84
3969
658
2940
3038
3808
2744
1596
2226
1344
273
0
525
1176
0
0
0
84
0
0
119
161
42
252
273
238
560
854
791
1680
441
336
483
1281
840
1001
147
700
2065
2562
252
882
119
252
483
413
462
497
462
1449
1162
0
0
0
147
1281
693
882
1260
2772
1568
1295
1764
210
0
490
805
1071
1064
1064
1862
2583
175
98
210
266
126
56
3577
63
